$ 1 0.000005 10.634267539816555 52 5 50
w -240 512 704 512 0
g 768 160 768 208 0
w 912 64 912 144 0
w 768 64 768 128 0
r 768 64 912 64 0 1000
a 768 144 912 144 12 15 -15 1000000 0.0030767587472507337 0 1000
r -80 32 64 32 0 1000
r -80 240 -80 128 0 1000
r -80 128 -240 128 0 1000
r -80 96 -240 96 0 1000
g -80 240 -80 272 0
a -80 112 64 112 12 15 -15 1000000 -2.4980805975521467 -2.5 1000
w 64 112 128 112 0
w 640 -48 656 -48 0
w 128 112 240 288 0
w 128 112 208 -96 0
g -320 272 -320 320 0
a 320 -48 464 -48 8 15 -15 1000000 -0.018817671057387842 0 100
w 320 -96 320 -64 0
w 464 -96 464 -48 0
r 320 -96 464 -96 0 1000
r 224 -96 320 -96 0 1000
g 320 -32 320 0 0
v -320 272 -320 128 0 2 40 5 0 0 0.5
w 528 -48 464 -48 0
w 208 -96 224 -96 0
w -320 272 -288 272 0
w -240 128 -288 128 0
w -288 128 -320 128 0
r 256 80 320 80 0 1000
c 320 80 464 80 0 8.199999999999999e-7 -0.7651269743969266
a 320 128 464 128 8 15 -15 1000000 -0.009163197298166784 0 82.5
w 320 80 320 112 0
w 464 80 464 128 0
g 320 144 320 176 0
w 256 80 256 112 0
r 336 288 480 288 0 2000
c 240 288 336 288 0 0.000002 -1.4680675484513674
a 336 352 480 352 12 15 -15 1000000 -0.45133489940219196 0 1
w 336 288 336 336 0
w 480 288 480 352 0
g 336 368 336 400 0
w 480 352 528 352 0
w 192 112 128 112 0
c 368 224 464 224 0 2e-9 -0.9026697988043839
w 368 224 336 224 0
w 336 224 336 288 0
w 464 224 480 224 0
w 480 224 480 288 0
w 768 128 704 128 0
w 704 128 656 128 0
w 656 352 656 128 0
r 528 -48 640 -48 0 1000
w 544 128 464 128 0
r 528 352 656 352 0 1000
w 256 112 192 112 0
w 656 128 656 -48 0
w 64 32 64 112 0
w -80 32 -80 96 0
w 912 512 704 512 0
w 912 144 960 144 0
O 960 144 1040 144 0
w 912 144 912 512 0
w -240 512 -416 512 0
w -416 512 -416 96 0
w -416 96 -256 96 0
w -256 96 -240 96 0
r 544 128 656 128 0 1000
o 61 64 0 4098 5 0.1 0 1
o 12 64 0 4099 5 0.00625 1 1
o 27 64 0 4099 5 0.00625 2 1
